topic1|topic2|topic3|topic4|topic5|topic6|topic7|topic8|topic9|topic10|topic11|topic12|topic13|topic14|topic15|topic16|topic17|topic18|topic19|topic20|persona|user_id
2|0|0|0|0|0|0|0|0|0|6|1|0|0|0|0|0|0|0|0|0|1
3|0|0|0|0|0|0|0|0|1|0|0|0|0|0|0|0|0|6|0|11|2
0|0|0|0|0|0|0|0|0|0|0|0|0|0|0|9|0|0|0|0|1|3
0|0|0|0|0|0|0|0|0|0|0|0|0|0|0|9|0|0|0|1|1|4
0|0|0|0|6|0|2|0|0|0|2|0|0|0|0|0|0|0|0|0|22|5
1|0|1|0|0|0|0|3|1|0|0|0|0|0|0|0|5|0|0|0|7|6
0|0|0|0|1|0|3|4|0|0|0|2|0|0|0|0|0|0|0|0|5|7
0|0|0|9|0|0|0|0|0|0|0|0|0|0|0|1|0|0|0|0|10|8
0|0|0|0|0|0|1|2|0|0|0|0|0|0|0|0|0|0|3|3|12|9
0|0|0|0|0|0|0|4|0|0|0|0|0|2|0|0|4|0|0|0|7|10
0|2|0|0|0|0|0|0|0|0|1|0|4|0|0|0|0|0|0|1|14|11
0|0|0|0|0|0|0|0|0|0|0|0|0|0|0|0|0|0|0|10|12|12
0|1|0|2|1|0|1|2|0|0|0|0|1|0|1|1|0|0|0|0|4|13
1|4|0|0|0|0|0|0|4|1|0|0|0|0|0|0|0|0|0|0|17|14
1|0|0|0|0|0|0|0|0|5|0|0|0|0|0|1|0|0|3|0|2|15
0|0|0|1|0|0|0|2|2|0|2|1|0|0|0|0|0|0|0|2|7|16
2|0|0|0|0|0|0|0|0|3|0|0|0|0|0|0|0|0|4|0|2|17
1|3|0|0|0|1|0|3|0|0|0|0|0|0|0|0|2|0|0|0|17|18
0|2|0|0|0|0|0|0|0|0|4|0|0|0|0|4|0|0|0|0|0|19
0|0|0|0|7|0|0|0|0|3|0|0|0|0|0|0|0|0|0|0|22|20
0|0|0|0|0|0|5|0|0|1|0|0|0|0|0|1|0|0|3|0|16|21
0|0|0|7|1|0|0|0|0|0|1|0|0|0|0|0|0|0|0|0|10|22
1|3|0|0|3|0|0|0|4|0|0|0|0|0|0|0|0|0|0|0|17|23
0|0|9|0|0|0|0|0|0|0|0|0|0|0|0|0|0|0|0|1|20|24
0|0|0|0|0|0|0|3|6|1|0|0|0|0|0|0|0|0|0|0|3|25
0|0|0|0|0|0|0|0|0|4|0|0|0|0|0|0|0|0|5|0|2|26
0|0|0|0|0|0|0|0|0|4|0|0|0|0|0|0|0|0|6|0|2|27
0|0|0|0|0|0|7|0|1|0|2|0|0|0|0|0|0|0|0|0|16|28
0|0|0|0|0|0|0|0|3|0|0|0|0|0|0|7|0|0|0|0|1|29
0|0|0|0|0|0|0|0|0|0|0|0|0|0|0|0|0|10|0|0|13|30
0|0|0|0|0|0|0|3|0|0|0|0|0|3|0|3|0|0|0|0|21|31
0|0|0|0|0|0|0|0|0|4|0|0|0|0|0|0|0|0|6|0|2|32
0|0|0|0|0|0|0|0|0|0|0|0|0|0|0|10|0|0|0|0|1|33
0|0|0|0|0|0|0|0|0|0|0|0|0|0|0|9|0|0|1|0|1|34
0|0|0|0|0|0|0|0|0|0|0|0|0|0|0|10|0|0|0|0|1|35
0|0|0|0|0|0|0|0|0|0|0|0|0|0|0|10|0|0|0|0|1|36
0|0|0|10|0|0|0|0|0|0|0|0|0|0|0|0|0|0|0|0|10|37
0|0|0|0|5|0|1|0|0|0|0|0|4|0|0|0|0|0|0|0|4|38
0|0|0|0|0|0|0|0|0|0|0|0|0|0|0|8|0|0|2|0|1|39
0|0|0|0|0|0|0|0|0|0|0|0|0|0|0|10|0|0|0|0|1|40
0|0|0|0|0|0|0|0|7|0|0|0|0|0|0|0|3|0|0|0|3|41
0|0|0|0|6|0|0|0|0|1|0|0|0|0|0|0|1|0|0|1|22|42
0|0|0|0|2|0|0|0|1|2|0|0|3|0|0|0|0|1|0|0|14|43
0|0|0|0|2|0|1|0|0|0|6|0|0|0|0|0|0|0|0|1|0|44
0|0|0|0|0|0|0|0|0|10|0|0|0|0|0|0|0|0|0|0|9|45
0|0|0|0|0|0|0|0|0|0|0|0|0|0|0|4|0|0|6|0|18|46
0|0|0|0|0|0|0|0|0|0|0|0|0|0|0|10|0|0|0|0|1|47
0|0|0|0|0|0|0|3|4|0|0|0|0|0|0|2|1|0|0|0|3|48
1|1|0|0|1|0|0|0|0|0|0|4|0|2|0|0|0|0|0|0|19|49
0|0|0|0|0|0|0|0|0|0|0|0|0|0|0|0|0|0|10|0|11|50
0|0|0|0|0|0|0|0|8|0|2|0|0|0|0|0|0|0|0|0|3|51
3|0|0|0|0|0|0|0|2|4|0|0|0|0|0|0|0|0|0|0|8|52
0|0|0|0|0|0|0|0|0|5|4|0|0|0|0|0|0|0|0|0|0|53
0|0|0|0|0|0|0|0|0|4|0|0|0|0|0|0|0|0|6|0|2|54
0|0|0|0|0|0|0|0|0|3|7|0|0|0|0|0|0|0|0|0|0|55
0|0|0|1|7|0|0|0|0|0|1|0|0|0|0|0|0|0|0|0|22|56
0|0|0|0|0|0|0|0|0|7|2|0|0|0|0|0|0|0|0|0|9|57
0|2|4|0|0|0|0|0|3|0|0|0|0|1|0|0|0|0|1|0|20|58
0|3|0|0|0|0|1|1|0|1|0|1|0|0|0|0|2|0|0|0|17|59
0|0|0|0|1|0|0|9|0|0|0|0|0|0|0|0|0|0|0|0|5|60
0|0|0|0|0|0|0|0|0|0|0|0|0|0|0|10|0|0|0|0|1|61
1|1|3|0|0|0|0|0|0|0|3|0|1|0|0|0|0|0|0|0|20|62
4|0|0|0|0|0|0|0|0|2|0|0|0|0|0|0|0|0|4|0|8|63
0|0|0|0|1|0|1|0|1|0|4|0|0|0|0|0|2|0|0|1|0|64
0|0|0|0|0|0|0|0|0|0|0|0|0|0|0|0|4|0|0|6|12|65
0|0|0|0|0|0|0|0|0|9|0|0|0|0|0|0|0|0|0|0|9|66
0|0|0|0|0|0|0|0|0|10|0|0|0|0|0|0|0|0|0|0|9|67
0|0|0|0|0|0|0|0|0|10|0|0|0|0|0|0|0|0|0|0|9|68
0|0|0|0|0|0|0|0|0|0|0|0|0|3|0|0|0|2|5|0|11|69
0|0|0|0|7|0|0|0|3|0|0|0|0|0|0|0|0|0|0|0|22|70
2|0|0|0|0|1|0|0|7|0|0|0|0|0|0|0|0|0|0|0|3|71
0|0|0|2|0|0|0|0|0|1|0|0|0|0|0|0|6|0|0|1|6|72
0|0|0|0|0|1|0|0|9|0|0|0|0|0|0|0|0|0|0|0|3|73
0|0|0|0|0|0|0|0|0|0|0|0|0|0|0|0|0|0|10|0|11|74
0|0|0|0|0|0|0|0|0|8|0|0|0|2|0|0|0|0|0|0|9|75
0|0|0|0|0|0|0|0|0|0|1|0|0|9|0|0|0|0|0|0|21|76
0|0|0|0|0|0|0|0|7|0|3|0|0|0|0|0|0|0|0|0|3|77
0|0|0|0|0|0|0|0|0|4|0|0|0|0|0|0|0|0|6|0|2|78
7|0|0|0|0|0|0|0|0|0|0|0|0|0|0|0|0|0|3|0|8|79
0|0|0|0|0|0|0|0|0|0|0|0|0|0|0|1|9|0|0|0|6|80
1|0|0|0|0|0|0|0|1|8|0|0|0|0|0|0|0|0|0|0|9|81
0|0|0|0|1|0|0|1|1|3|0|0|0|0|0|0|4|0|0|0|7|82
0|0|0|0|7|0|0|0|0|3|0|0|0|0|0|0|0|0|0|0|22|83
0|0|0|0|0|0|0|0|0|6|0|0|0|0|0|0|1|0|0|2|9|84
0|6|0|0|0|0|0|2|0|0|0|0|0|0|0|0|1|0|0|1|17|85
0|0|0|0|0|0|0|0|0|0|0|0|0|0|0|10|0|0|0|0|1|86
0|0|0|8|0|0|0|0|0|1|0|0|1|0|0|0|0|0|0|0|10|87
0|0|0|0|0|1|0|0|0|0|0|0|0|0|0|9|0|0|0|0|1|88
7|0|0|0|0|0|0|0|0|2|0|0|1|0|0|0|0|0|0|0|8|89
1|2|0|0|0|1|0|4|0|0|0|0|0|1|0|0|0|0|0|0|5|90
0|0|0|0|0|0|0|3|1|0|0|0|0|0|0|1|0|0|0|4|12|91
0|1|1|2|0|0|0|0|0|1|0|3|1|0|0|0|0|0|0|0|19|92
0|0|0|0|0|0|0|0|0|10|0|0|0|0|0|0|0|0|0|0|9|93
0|1|0|0|0|0|0|0|0|0|0|6|0|0|0|0|1|0|0|0|19|94
0|0|0|1|5|0|1|0|0|0|0|0|1|0|0|0|2|0|0|0|4|95
0|0|0|0|0|0|0|0|5|0|0|0|0|0|0|0|4|0|0|0|3|96
0|0|0|0|0|0|1|1|9|0|0|0|0|0|0|0|0|0|0|0|3|97
0|9|0|0|0|0|0|0|0|0|0|0|0|0|0|1|0|0|0|0|17|98
0|0|0|0|0|0|0|0|0|4|4|0|0|0|0|0|0|0|3|0|2|99
0|0|0|0|0|0|0|0|0|0|0|0|0|0|0|7|0|0|3|0|18|100
0|0|0|0|0|0|0|0|0|10|0|0|0|0|0|0|0|0|0|0|9|101
0|0|0|4|2|0|2|0|0|0|0|0|0|0|0|1|0|0|0|0|10|102
0|0|0|0|0|0|0|0|3|6|0|0|0|0|0|0|0|1|0|0|9|103
0|0|0|0|0|0|0|0|0|2|0|0|0|0|0|0|0|0|8|0|11|104
0|0|0|0|0|0|0|0|0|0|0|0|0|0|0|10|0|0|0|0|1|105
2|0|0|0|0|1|0|0|0|0|0|0|0|0|0|0|4|0|0|3|7|106
0|0|0|0|0|0|0|0|0|0|0|0|0|0|0|10|0|0|0|0|1|107
4|0|0|0|0|0|0|0|0|6|0|0|0|0|0|0|0|0|0|0|9|108
0|0|0|4|2|0|0|0|0|2|1|2|0|0|0|0|0|0|0|0|10|109
0|0|0|4|0|0|0|0|0|0|0|3|1|0|0|1|0|0|0|0|10|110
0|0|0|0|0|0|0|0|0|0|0|0|0|0|0|9|0|0|1|0|1|111
0|0|0|0|0|0|0|0|0|0|0|0|0|0|0|9|0|0|1|0|1|112
0|0|0|0|0|0|0|0|0|0|0|0|0|0|0|1|0|0|9|0|11|113
0|0|0|0|0|0|0|1|9|0|0|0|0|0|0|0|0|0|0|0|3|114
0|0|0|0|0|0|0|0|3|0|0|0|0|7|0|0|0|0|0|0|21|115
1|0|1|0|0|0|0|1|0|0|0|0|0|0|0|2|0|0|4|0|18|116
0|0|0|0|0|0|0|0|0|3|6|0|0|0|0|1|0|0|0|0|0|117
0|0|0|0|0|0|6|0|3|0|0|0|0|1|0|0|0|0|0|0|16|118
0|1|0|1|0|0|0|0|0|2|2|0|1|0|0|0|0|0|3|0|2|119
0|0|0|0|0|0|0|0|0|10|0|0|0|0|0|0|0|0|0|0|9|120
0|0|0|0|0|2|0|0|1|3|0|0|0|0|0|0|3|0|1|0|7|121
0|0|0|0|0|0|0|0|0|0|0|0|1|0|0|0|9|0|0|0|6|122
1|0|0|0|0|0|0|0|0|0|0|0|0|0|0|0|8|0|0|0|6|123
0|0|0|0|0|0|0|0|1|0|8|0|0|0|0|0|0|0|0|0|0|124
0|0|0|0|2|0|0|2|1|0|2|0|3|0|0|0|0|0|0|0|4|125
0|0|0|0|0|0|0|0|0|0|0|0|0|0|0|10|0|0|0|0|1|126
0|0|0|0|5|0|0|0|0|0|0|0|0|0|0|3|0|0|2|0|22|127
0|0|0|0|1|0|0|2|0|1|0|0|3|0|0|0|3|0|0|1|7|128
0|0|0|0|0|0|0|0|0|0|0|0|0|0|0|10|0|0|0|0|1|129
0|0|0|0|1|0|0|0|0|1|0|6|0|0|0|0|0|0|1|0|19|130
10|0|0|0|0|0|0|0|0|0|0|0|0|0|0|0|0|0|0|0|8|131
2|0|0|0|0|0|0|0|0|0|0|0|0|8|0|0|0|0|0|0|21|132
0|0|0|0|0|0|0|0|0|0|0|0|0|0|0|10|0|0|0|0|1|133
0|0|0|0|0|0|0|0|0|0|0|0|0|0|0|4|0|0|6|0|18|134
0|0|0|4|0|0|2|0|0|0|0|3|0|0|0|1|0|0|0|0|10|135
9|0|0|0|0|0|0|0|1|0|0|0|0|0|0|0|0|0|0|0|8|136
0|0|0|0|0|0|0|0|0|4|4|0|0|0|0|2|0|0|0|0|0|137
0|0|0|0|0|0|0|2|0|1|0|0|0|0|0|0|6|0|0|0|6|138
0|0|0|0|0|0|0|0|0|0|0|0|0|0|0|0|0|0|10|0|11|139
0|0|0|0|0|0|0|0|0|0|0|0|0|0|0|10|0|0|0|0|1|140
0|0|0|0|0|0|0|0|0|8|0|0|0|0|0|0|0|0|2|0|9|141
0|1|0|0|0|0|0|0|5|0|0|0|0|0|0|4|0|0|0|0|3|142
0|0|0|0|0|0|0|0|0|0|0|0|0|0|0|10|0|0|0|0|1|143
1|0|1|0|0|0|0|0|0|1|1|0|0|0|0|0|4|0|1|0|7|144
0|0|0|2|0|0|1|0|0|1|0|4|0|0|0|1|0|0|2|0|19|145
0|0|0|0|0|0|0|0|0|0|0|0|0|0|0|9|0|0|1|0|1|146
0|0|0|0|0|0|0|0|0|0|0|0|0|0|0|10|0|0|0|0|1|147
0|0|0|0|0|0|0|0|10|0|0|0|0|0|0|0|0|0|0|0|3|148
0|0|0|0|0|0|0|0|0|0|0|0|0|0|0|10|0|0|0|0|1|149
1|0|0|0|0|0|0|0|0|2|0|0|0|0|0|0|0|0|7|0|11|150
0|5|0|0|0|0|0|3|0|0|0|0|0|0|0|0|0|0|0|1|17|151
0|0|0|0|0|0|0|0|0|2|0|0|6|0|0|0|0|0|0|2|14|152
0|0|0|0|0|0|0|0|0|0|0|0|0|0|0|0|0|10|0|0|13|153
0|0|0|0|0|0|0|0|7|0|0|0|0|2|0|0|0|0|0|0|3|154
0|0|0|0|0|0|0|0|0|0|0|0|0|0|0|10|0|0|0|0|1|155
0|0|0|0|0|0|0|0|0|0|0|0|0|0|0|0|10|0|0|0|6|156
0|0|0|0|0|0|0|0|0|4|0|0|0|0|0|0|0|0|6|0|2|157
2|1|0|6|0|0|0|0|0|0|1|0|0|0|0|0|0|0|0|0|10|158
0|0|0|0|0|0|0|0|0|8|0|0|0|0|0|1|0|0|1|0|9|159
0|0|0|0|0|0|0|0|0|1|0|0|0|9|0|0|0|0|0|0|21|160
0|0|0|0|0|0|0|0|0|1|0|0|0|0|0|0|7|2|0|0|6|161
0|0|0|0|0|0|0|0|0|5|5|0|0|0|0|0|0|0|0|0|0|162
0|0|0|0|0|0|0|0|0|0|0|0|0|0|0|0|0|10|0|0|13|163
0|0|0|0|0|0|0|0|0|6|0|0|0|0|0|1|0|0|3|0|2|164
0|0|0|0|0|0|0|0|2|0|6|0|0|0|0|2|0|0|0|0|0|165
0|0|0|0|0|0|0|0|0|0|0|0|0|0|0|8|0|0|2|0|1|166
0|0|0|0|0|0|0|4|0|0|0|0|0|5|0|0|0|0|0|0|21|167
0|0|0|0|0|0|0|0|0|10|0|0|0|0|0|0|0|0|0|0|9|168
0|0|0|0|0|0|0|6|1|0|0|0|0|0|0|3|0|0|0|0|5|169
0|0|0|0|0|0|0|0|0|0|0|0|0|0|0|10|0|0|0|0|1|170
0|0|0|0|0|0|0|0|0|0|0|0|0|0|0|10|0|0|0|0|1|171
0|0|0|0|0|0|0|3|0|0|0|0|0|6|0|0|0|0|0|0|21|172
0|0|0|0|0|0|0|0|0|0|0|0|0|0|0|10|0|0|0|0|1|173
0|0|0|0|0|0|0|0|0|2|0|0|7|0|0|0|0|0|1|0|14|174
0|0|0|0|0|0|0|1|1|0|1|0|0|0|0|0|0|0|0|7|12|175
0|0|0|0|0|0|0|0|0|0|0|0|0|0|0|0|0|0|10|0|11|176
0|0|1|0|0|0|0|0|2|0|3|0|0|1|0|2|0|0|0|0|0|177
0|0|0|2|0|0|0|0|0|2|2|0|0|0|0|0|1|0|1|1|7|178
0|0|0|0|0|0|0|0|0|0|0|0|0|0|0|5|0|0|5|0|18|179
0|0|0|0|0|0|0|0|0|0|5|0|4|0|1|0|0|0|0|0|0|180
0|0|0|0|0|0|0|0|0|4|0|0|0|0|0|1|0|0|5|0|2|181
0|0|0|0|0|0|0|0|4|6|0|0|0|0|0|0|0|0|0|0|9|182
0|0|0|7|3|0|0|0|0|0|0|0|0|0|0|0|0|0|0|0|10|183
1|3|0|0|0|0|0|0|0|0|0|0|2|0|1|0|2|0|0|0|17|184
4|0|0|0|0|0|0|0|1|0|0|0|0|0|0|0|6|0|0|0|6|185
0|0|0|4|0|0|0|0|0|3|0|0|0|0|0|2|0|0|0|0|10|186
0|2|0|0|0|0|0|0|0|0|0|0|0|0|0|0|8|0|0|0|6|187
0|0|0|3|0|0|0|0|0|0|0|0|0|0|0|0|0|0|0|7|12|188
1|1|0|0|0|0|0|2|1|0|0|0|0|0|0|0|3|0|0|0|7|189
0|0|0|0|0|0|0|0|0|4|0|0|0|0|0|0|0|0|6|0|2|190
0|0|0|0|0|1|0|0|0|0|0|0|0|0|0|9|0|0|0|0|1|191
0|0|0|0|0|0|0|0|0|2|0|0|0|0|0|0|0|0|8|0|11|192
0|0|0|3|0|0|0|0|0|1|0|1|2|0|0|0|0|0|2|1|10|193
0|0|0|1|2|0|0|2|0|0|0|2|0|0|0|0|3|0|0|1|7|194
0|0|5|0|2|1|0|0|0|0|0|0|0|0|0|0|0|0|2|0|20|195
5|2|0|0|0|0|0|0|0|0|0|0|3|0|0|0|0|0|0|0|8|196
0|0|0|7|0|0|0|0|0|0|0|0|0|0|0|3|0|1|0|0|10|197
0|0|0|0|0|0|0|0|0|0|7|1|0|0|0|0|1|0|0|1|0|198
4|0|0|0|0|0|0|0|0|0|0|0|0|0|0|0|0|0|6|0|11|199
0|0|0|1|8|0|0|0|0|1|0|0|0|0|0|0|0|0|0|0|22|200
0|0|1|0|0|0|1|0|0|0|0|2|0|1|3|0|1|0|0|0|7|201
1|0|0|0|0|0|0|2|7|0|0|0|0|0|0|0|0|0|0|0|3|202
0|0|0|0|0|0|0|0|0|4|0|0|0|0|0|0|0|0|6|0|2|203
1|0|0|0|0|1|0|0|1|0|0|0|0|0|0|6|0|1|0|0|18|204
0|0|0|0|0|0|0|0|0|0|0|0|0|0|0|10|0|0|0|0|1|205
0|0|0|0|0|0|0|0|0|0|0|0|0|0|0|9|0|0|1|0|1|206
0|1|0|3|0|0|0|0|0|2|0|0|0|0|0|0|3|0|0|1|7|207
0|0|0|0|0|0|0|0|0|0|0|0|3|0|0|0|7|0|0|0|6|208
6|0|0|0|0|0|0|0|0|0|0|0|0|0|0|0|0|0|4|0|8|209
0|0|0|0|4|0|0|0|1|0|0|0|0|0|0|0|3|0|0|0|4|210
0|0|0|0|0|0|0|2|0|1|0|0|0|0|0|2|0|0|0|4|12|211
0|0|0|0|0|1|0|0|0|0|0|0|0|0|0|0|9|0|0|0|6|212
0|0|0|0|0|0|0|0|0|2|4|0|0|0|0|0|4|0|0|0|0|213
0|1|0|0|0|0|0|0|4|0|0|0|0|4|0|0|0|0|0|0|21|214
0|0|0|0|1|0|0|0|2|0|5|0|0|0|0|0|1|0|0|1|0|215
0|0|5|0|0|0|0|0|0|0|4|1|0|0|0|0|0|0|0|0|20|216
0|0|0|10|0|0|0|0|0|0|0|0|0|0|0|0|0|0|0|0|10|217
0|5|0|1|0|0|0|0|2|0|0|0|0|2|0|0|0|0|0|0|17|218
0|7|1|0|0|0|0|0|0|0|0|0|0|0|0|2|0|0|0|0|17|219
0|0|0|0|0|0|0|0|0|0|0|0|0|0|0|9|0|0|1|0|1|220
0|0|1|2|0|0|0|0|0|0|1|6|0|0|0|0|0|0|0|0|19|221
0|0|0|1|1|0|0|0|0|1|1|4|2|0|0|0|0|0|0|0|19|222
0|0|0|0|1|0|0|0|0|7|0|0|0|0|0|2|0|0|0|0|9|223
0|0|0|0|0|0|0|0|0|0|0|0|5|0|0|0|0|0|1|3|14|224
0|0|0|0|0|0|0|8|0|0|0|0|0|1|0|0|0|0|0|2|5|225
3|0|0|0|0|0|0|0|6|0|0|0|0|0|0|0|0|0|0|0|3|226
4|0|0|0|0|0|0|0|0|2|0|0|0|0|0|0|0|0|4|0|8|227
0|0|0|0|0|0|0|0|2|0|0|0|1|0|0|3|2|0|2|0|18|228
0|0|0|0|0|0|0|0|0|0|0|0|0|0|0|10|0|0|0|0|1|229
0|0|0|0|4|0|0|1|0|0|0|0|0|0|0|0|0|0|0|5|12|230
0|0|0|0|0|0|0|0|0|10|0|0|0|0|0|0|0|0|0|0|9|231
0|0|0|0|0|1|0|0|3|0|0|0|0|0|0|0|5|0|1|0|6|232
0|0|0|0|0|0|0|0|0|0|0|0|0|0|0|0|10|0|0|0|6|233
0|1|0|0|0|0|0|7|0|0|0|0|1|0|1|0|0|0|0|0|5|234
0|0|0|0|0|2|0|1|2|0|0|0|0|0|0|1|4|0|0|0|7|235
0|0|0|0|0|0|0|0|0|1|0|0|0|0|0|0|0|0|0|9|12|236
0|0|0|0|0|0|0|3|4|0|0|0|0|0|0|0|3|0|0|0|7|237
0|0|0|0|0|0|0|0|0|8|0|0|0|0|0|0|0|0|1|0|9|238
0|6|0|0|0|1|0|3|1|0|0|0|0|0|0|0|0|0|0|0|17|239
0|0|0|0|0|0|0|0|0|0|0|0|0|0|0|10|0|0|0|0|1|240
0|0|0|0|0|0|0|0|0|0|0|0|0|0|0|10|0|0|0|0|1|241
3|0|0|0|0|0|0|0|0|4|0|0|0|1|0|2|0|0|0|0|8|242
5|0|0|0|0|0|0|0|0|0|0|0|0|0|0|0|5|0|0|0|6|243
0|0|2|0|0|0|0|0|0|1|1|1|4|0|0|0|0|0|0|0|14|244
0|0|0|0|1|0|0|0|0|9|0|0|0|0|0|0|0|0|0|0|9|245
0|0|0|0|1|0|1|0|0|0|1|7|0|0|0|0|0|0|0|0|19|246
3|0|0|0|0|0|0|0|0|2|0|0|0|0|0|0|0|3|2|1|8|247
0|0|0|0|0|0|0|0|5|0|5|0|0|0|0|0|0|0|0|0|0|248
0|0|0|0|0|0|0|0|1|1|5|0|0|2|0|0|0|0|0|0|0|249
0|0|4|0|1|0|0|0|3|0|0|0|0|0|0|1|0|0|2|0|20|250
0|0|0|0|0|0|0|0|0|5|4|0|0|0|0|0|0|0|0|0|0|251
7|0|0|0|0|0|0|0|0|2|0|0|0|0|0|0|0|0|1|0|8|252
0|0|0|0|0|0|0|1|0|0|5|0|0|0|0|0|1|0|0|3|0|253
0|0|0|0|9|0|1|0|0|0|0|0|0|0|0|0|0|0|0|0|22|254
0|0|0|0|0|0|4|0|0|3|0|0|0|0|0|2|0|0|0|0|16|255
0|0|0|5|0|0|0|0|0|4|0|0|1|0|0|0|0|0|0|0|10|256
8|0|0|0|0|1|0|0|0|0|0|0|0|0|0|0|0|0|1|0|8|257
0|0|0|0|0|0|0|0|0|0|0|0|0|0|0|10|0|0|0|0|1|258
0|0|0|0|0|0|0|0|0|0|8|0|0|0|0|0|0|0|2|0|0|259
0|0|0|0|0|0|0|0|0|0|0|0|0|0|0|10|0|0|0|0|1|260
0|0|0|0|0|0|0|0|0|2|0|0|0|0|0|7|0|0|1|0|1|261
0|0|0|0|0|0|0|0|0|1|1|0|7|0|0|0|0|0|0|0|14|262
0|0|0|0|0|0|0|3|0|0|0|0|0|0|0|0|0|0|0|6|12|263
1|5|0|0|0|0|2|0|0|0|0|0|0|2|0|0|0|0|0|0|17|264
0|0|0|0|0|0|0|0|0|8|0|0|0|0|0|0|0|0|2|0|9|265
5|0|0|0|0|0|0|0|0|0|0|0|0|0|0|0|0|0|5|0|8|266
0|0|0|4|0|0|0|0|2|0|1|3|0|0|0|0|0|0|0|0|10|267
0|0|0|1|0|0|0|0|1|0|2|5|0|0|0|0|0|0|0|0|19|268
0|4|0|0|0|0|0|0|0|0|0|0|1|3|0|0|2|0|0|0|17|269
4|0|0|0|0|0|2|0|0|1|0|2|1|0|0|0|0|0|0|0|8|270
1|0|0|0|1|0|0|1|0|1|0|0|0|0|0|0|5|0|0|2|6|271
0|0|0|0|0|0|0|0|5|0|0|0|0|0|0|0|5|0|0|0|6|272
0|0|0|0|0|0|0|0|0|0|0|0|0|0|0|10|0|0|0|0|1|273
0|0|0|0|0|0|0|0|0|9|0|0|0|0|0|0|1|1|0|0|9|274
0|0|0|0|10|0|0|0|0|0|0|0|0|0|0|0|0|0|0|0|22|275
0|0|0|0|0|0|0|0|0|0|0|8|0|0|0|0|0|0|1|0|19|276
2|0|0|0|0|0|0|0|0|7|0|0|0|0|0|0|0|0|1|0|9|277
0|0|0|0|0|0|0|0|3|0|0|0|0|0|0|6|0|0|0|0|18|278
0|1|0|2|2|1|0|0|0|0|0|3|0|1|0|0|0|0|0|0|19|279
0|0|0|2|0|0|0|0|0|1|0|0|6|0|0|0|0|0|0|1|14|280
0|0|0|0|0|0|0|0|0|0|0|0|0|0|0|10|0|0|0|0|1|281
0|0|0|0|0|0|0|0|0|0|0|0|0|0|0|10|0|0|0|0|1|282
0|0|0|0|0|0|0|0|0|1|9|0|0|0|0|0|0|0|0|0|0|283
0|0|0|0|0|0|0|0|0|0|0|0|0|0|0|10|0|0|0|0|1|284
0|0|0|0|0|0|0|0|3|0|0|0|0|0|0|2|2|0|3|0|18|285
1|1|0|0|0|0|0|0|0|0|1|1|6|0|0|0|0|0|0|0|14|286
0|0|0|0|0|0|0|0|0|2|5|0|0|1|0|0|0|0|3|0|0|287
0|0|0|0|0|0|0|0|0|0|0|0|0|0|0|2|8|0|0|0|6|288
0|0|0|0|0|0|0|0|0|10|0|0|0|0|0|0|0|0|0|0|9|289
0|0|0|0|10|0|0|0|0|0|0|0|0|0|0|0|0|0|0|0|22|290
0|0|0|0|0|0|0|0|0|1|0|9|0|0|0|0|0|0|0|0|19|291
0|0|1|0|0|0|0|2|6|0|0|0|0|1|0|0|0|0|0|0|3|292
0|0|1|0|0|0|0|1|0|0|0|4|0|0|0|0|3|0|0|0|19|293
0|0|0|0|0|0|0|0|0|3|0|0|0|0|0|0|0|0|7|0|11|294
0|2|0|0|3|0|0|1|0|0|1|0|4|0|0|0|0|0|0|0|14|295
3|0|0|0|0|0|0|0|2|1|0|0|0|0|0|0|3|0|1|0|7|296
1|0|0|0|0|0|0|0|1|0|5|0|0|0|0|0|0|0|1|1|0|297
0|0|0|0|1|0|0|3|1|1|0|0|0|0|0|0|1|0|0|2|7|298
1|7|0|0|0|0|0|0|1|0|0|0|0|0|0|0|0|0|1|0|17|299
0|0|0|0|0|0|0|0|0|4|0|0|0|0|0|6|0|0|0|0|18|300
0|0|0|2|2|0|0|1|0|0|2|3|0|0|0|0|0|0|0|1|19|301
0|0|0|0|0|0|0|0|0|0|0|0|0|0|0|10|0|0|0|0|1|302
0|0|2|0|0|0|0|0|0|0|0|5|0|1|0|0|0|0|0|0|19|303
0|0|0|0|0|0|0|0|0|3|0|0|0|0|0|4|0|0|2|0|18|304
0|3|0|0|0|2|0|0|3|0|1|0|0|0|0|0|2|0|0|0|17|305
7|0|0|0|0|0|0|0|0|2|0|0|0|0|0|0|0|0|1|0|8|306
0|0|0|0|4|0|0|0|6|0|0|0|0|0|0|0|0|0|0|0|3|307
0|4|0|1|0|0|1|3|0|0|0|1|0|1|0|0|0|0|0|0|17|308
0|0|0|0|0|0|0|0|0|0|0|0|0|0|0|10|0|0|0|0|1|309
7|0|0|0|0|0|0|0|0|2|0|0|0|0|0|0|0|0|0|0|8|310
0|0|0|1|2|0|0|2|0|0|0|0|2|0|0|0|1|0|0|2|4|311
0|0|0|0|0|1|0|8|1|0|0|0|0|0|0|0|0|0|0|0|5|312
0|0|0|1|3|0|1|4|0|0|0|0|0|0|0|0|0|0|0|1|4|313
0|0|0|0|0|0|0|0|0|3|0|1|7|0|0|0|0|0|0|0|14|314
0|4|0|0|0|0|0|0|2|0|0|0|0|3|0|0|0|0|0|0|17|315
0|0|0|0|0|3|0|0|0|0|0|0|0|0|0|0|5|0|0|1|6|316
0|0|0|0|0|0|0|0|0|0|0|0|0|0|0|10|0|0|0|0|1|317
0|0|0|0|0|0|0|2|0|1|0|0|4|0|0|0|2|0|1|0|14|318
0|0|0|0|0|0|0|0|0|0|0|0|0|0|0|9|0|0|1|0|1|319
0|0|0|5|0|0|0|0|0|1|0|4|0|0|0|0|0|0|0|0|10|320
0|0|0|0|0|2|0|4|0|0|0|0|0|0|0|0|3|0|0|0|7|321
0|0|0|0|0|0|0|0|0|0|0|0|0|5|0|0|4|1|0|0|21|322
0|0|6|0|0|0|0|0|1|0|0|0|0|0|0|0|0|0|3|0|20|323
0|0|0|0|0|0|0|0|0|2|0|0|0|0|0|1|0|0|7|0|11|324
0|1|0|0|0|0|0|4|2|0|0|0|0|2|0|0|0|0|0|0|5|325
0|0|0|2|0|0|2|5|0|0|0|0|0|0|0|0|0|0|0|0|5|326
0|4|0|0|0|0|0|0|0|0|3|0|0|1|0|1|0|0|0|0|17|327
0|0|0|1|0|0|0|0|0|0|0|0|0|0|0|0|0|0|0|9|12|328
0|0|0|0|0|0|0|0|4|0|0|0|0|0|0|0|0|0|5|0|11|329
0|0|0|0|6|0|0|0|0|1|0|0|0|0|0|0|1|0|0|1|22|330
1|0|0|0|0|0|0|1|2|0|0|0|0|2|2|1|2|0|0|0|7|331
0|0|0|5|0|0|0|0|0|4|0|0|0|0|0|1|0|0|0|0|10|332
0|0|0|0|0|0|0|0|0|0|0|0|0|0|0|0|1|3|1|5|12|333
1|6|1|0|0|0|0|0|0|0|0|0|0|0|0|0|0|0|1|0|17|334
0|0|0|0|0|0|0|0|0|0|0|0|0|0|0|10|0|0|0|0|1|335
0|0|0|0|0|0|0|0|0|3|0|2|5|0|0|0|0|0|0|0|14|336
0|0|0|0|7|0|0|0|0|3|0|0|0|0|0|0|0|0|0|0|22|337
0|0|0|0|0|1|0|4|1|0|0|0|0|0|0|0|4|0|0|0|7|338
0|3|0|0|0|0|1|0|0|0|0|2|0|0|0|0|3|0|0|0|17|339
0|0|0|0|7|0|0|3|0|0|0|0|0|0|0|0|0|0|0|0|22|340
0|0|0|0|0|0|0|0|0|0|0|0|0|0|0|10|0|0|0|0|1|341
0|1|3|0|0|0|0|0|0|1|0|0|0|5|0|0|0|0|0|0|21|342
1|1|2|1|0|0|0|0|0|0|0|1|0|0|0|0|4|0|0|0|7|343
3|2|0|0|0|0|0|0|1|2|2|0|0|0|0|0|1|0|0|0|7|344
1|0|5|0|0|0|0|0|0|1|0|0|3|0|0|0|0|0|0|1|20|345
0|0|0|6|0|0|0|0|0|0|0|2|0|0|0|0|0|0|0|2|10|346
0|0|0|0|0|0|0|0|0|2|7|0|0|0|0|0|0|0|0|0|0|347
0|0|0|0|0|0|0|0|0|10|0|0|0|0|0|0|0|0|0|0|9|348
3|0|0|0|0|0|0|0|0|7|0|0|0|0|0|0|0|0|0|0|9|349
0|0|0|0|0|0|0|3|7|0|0|0|0|0|0|0|0|0|0|0|3|350
0|0|0|0|0|0|0|0|0|0|0|0|0|0|0|9|0|0|1|0|1|351
0|0|0|2|0|0|0|0|6|0|2|0|0|0|0|0|0|0|0|0|3|352
0|0|0|0|0|0|0|0|0|0|0|0|0|0|0|9|0|0|1|0|1|353
3|4|0|0|0|1|0|2|0|0|0|0|0|0|0|0|0|0|0|0|17|354
0|0|0|0|0|0|0|0|0|0|0|0|0|0|0|10|0|0|0|0|1|355
0|0|0|0|0|0|0|0|0|0|0|0|0|0|0|10|0|0|0|0|1|356
0|0|0|0|0|0|0|0|0|9|0|0|0|0|0|1|0|0|0|0|9|357
0|0|0|0|0|10|0|0|0|0|0|0|0|0|0|0|0|0|0|0|15|358
0|0|0|0|0|0|0|0|0|3|0|0|0|0|0|0|0|0|6|0|2|359
3|0|0|0|0|0|0|0|1|0|0|0|0|0|0|1|5|0|0|0|6|360
1|2|0|0|0|0|0|0|0|0|0|0|1|0|0|0|5|0|0|0|6|361
0|0|0|0|0|0|0|0|0|0|0|0|0|0|0|10|0|0|0|0|1|362
0|1|0|0|0|0|0|0|0|0|2|4|0|1|0|0|0|0|1|0|19|363
0|0|1|0|0|0|0|0|0|0|0|0|0|0|0|9|0|0|0|0|1|364
0|0|0|0|0|0|0|0|0|1|0|0|0|0|0|0|0|0|8|0|11|365
0|0|0|0|0|0|10|0|0|0|0|0|0|0|0|0|0|0|0|0|16|366
0|0|0|0|0|0|8|0|0|0|0|0|0|0|0|1|0|0|0|0|16|367
0|0|0|0|0|0|9|0|0|0|0|0|0|0|0|1|0|0|0|0|16|368
0|0|0|0|0|1|0|0|4|0|0|0|0|0|0|5|0|0|0|0|18|369
1|1|0|0|0|0|0|4|4|0|0|0|0|0|0|0|0|0|0|0|5|370
0|0|0|0|0|0|0|0|0|0|5|0|0|0|0|0|2|0|0|3|0|371
0|0|0|0|0|0|7|0|0|0|0|0|0|0|0|3|0|0|0|0|16|372
0|1|0|0|4|0|0|0|0|0|0|0|2|0|0|0|3|0|0|0|4|373
0|0|1|5|0|0|0|0|0|3|0|0|0|0|0|0|0|0|0|1|10|374
0|0|0|5|0|0|4|0|0|0|0|0|0|0|0|1|0|0|0|0|10|375
1|0|0|0|0|0|0|0|0|2|0|0|0|0|0|1|6|0|0|0|6|376
0|0|0|0|0|0|1|0|0|0|0|0|0|0|0|2|0|6|1|0|13|377
0|0|0|1|1|0|0|0|0|1|0|0|4|0|1|0|1|0|0|1|14|378
0|2|0|0|2|0|2|0|1|0|0|0|0|0|0|0|3|0|0|0|7|379
0|3|0|0|0|0|0|0|1|0|0|0|0|0|0|0|4|0|0|2|7|380
2|1|0|0|1|0|0|2|2|0|0|0|0|0|0|0|0|0|0|0|7|381
0|0|9|0|0|0|0|0|1|0|0|0|0|0|0|0|0|0|0|0|20|382
1|0|0|0|0|0|0|0|0|0|0|0|0|0|0|0|8|0|0|0|6|383
0|0|0|0|0|0|0|0|0|0|0|0|0|0|0|10|0|0|0|0|1|384
0|1|0|0|0|0|0|1|0|0|0|0|0|8|0|0|0|0|0|0|21|385
0|0|0|0|0|0|0|0|0|10|0|0|0|0|0|0|0|0|0|0|9|386
0|0|1|0|0|0|2|0|1|0|1|1|0|2|0|0|0|0|0|0|7|387
0|0|0|0|0|0|3|0|0|2|0|0|0|0|0|2|0|0|2|0|18|388
0|0|0|0|0|0|0|7|0|0|0|0|2|0|0|0|0|0|0|0|5|389
3|0|0|0|0|0|0|0|0|0|0|0|0|0|0|2|0|0|5|0|11|390
0|0|0|0|0|0|0|1|0|1|0|0|0|0|0|0|7|0|0|1|6|391
0|0|1|0|0|0|0|3|1|0|0|0|0|0|0|1|0|0|3|0|5|392
0|0|0|0|3|0|0|0|0|1|0|2|2|0|0|0|0|0|1|0|4|393
0|0|0|3|2|0|0|0|0|0|3|1|0|0|0|0|0|0|0|0|4|394
0|0|0|0|0|0|0|0|0|2|0|0|0|0|0|0|0|1|1|5|12|395
0|0|0|0|0|0|0|0|0|8|0|0|0|0|0|1|0|0|1|0|9|396
0|0|0|0|0|0|0|1|7|0|0|0|0|1|0|1|0|0|0|0|3|397
0|0|0|0|2|0|0|7|0|0|0|0|0|0|0|0|1|0|0|0|5|398
0|0|0|1|4|0|0|0|0|0|0|4|0|0|0|0|0|0|0|0|19|399
0|0|0|0|0|0|0|0|0|0|0|0|0|0|0|10|0|0|0|0|1|400
0|0|0|0|0|0|0|2|0|2|0|0|0|0|0|0|3|0|0|2|7|401
1|0|0|0|0|0|0|0|4|4|0|0|0|0|0|0|0|0|0|0|3|402
0|0|0|0|0|0|0|0|0|10|0|0|0|0|0|0|0|0|0|0|9|403
0|0|0|0|0|0|0|0|0|0|0|0|1|0|0|9|0|0|0|0|1|404
0|0|0|1|0|0|1|0|0|0|0|1|4|0|1|0|0|0|0|0|14|405
0|5|0|0|0|0|1|2|0|1|0|0|0|0|0|0|1|0|0|0|17|406
0|0|0|0|2|0|2|1|2|0|2|0|1|0|0|0|0|0|0|0|4|407
0|0|0|0|0|0|0|0|0|0|0|0|0|0|0|10|0|0|0|0|1|408
0|2|0|0|0|1|0|5|1|0|0|0|0|0|0|1|0|0|0|0|5|409
0|0|0|0|0|0|0|0|0|0|0|0|0|0|0|6|0|0|4|0|18|410
0|0|0|1|1|0|0|0|1|0|7|0|0|0|0|0|0|0|0|0|0|411
0|0|0|0|0|0|0|0|10|0|0|0|0|0|0|0|0|0|0|0|3|412
2|0|0|0|0|0|0|0|0|0|0|0|0|0|0|0|0|0|8|0|11|413
0|0|0|0|0|0|0|0|0|0|0|0|0|0|0|9|0|0|1|0|1|414
0|0|0|0|0|0|0|0|5|0|0|0|0|0|0|0|0|5|0|0|3|415
0|0|0|0|0|0|0|0|0|1|0|1|5|0|0|0|0|0|2|1|14|416
0|0|0|0|1|0|0|0|1|0|0|6|1|0|0|0|0|0|0|0|19|417
0|0|0|0|0|0|0|0|0|0|0|0|0|0|0|10|0|0|0|0|1|418
2|0|0|0|0|0|0|4|4|0|0|0|0|0|0|0|0|0|0|0|5|419
6|0|0|0|0|1|0|0|0|0|0|0|0|3|0|1|0|0|0|0|8|420
0|0|0|0|0|0|2|0|7|0|0|0|0|0|0|0|0|0|0|0|3|421
0|0|0|0|0|0|4|0|0|0|0|0|0|0|0|0|0|0|5|0|11|422
0|0|0|0|0|0|0|0|0|0|0|0|0|0|0|1|0|0|9|0|11|423
1|0|0|0|0|0|0|0|1|0|0|0|0|0|0|2|0|0|6|0|11|424
0|0|0|3|0|0|2|0|1|0|1|0|0|0|0|1|0|0|2|0|10|425
0|0|0|0|0|0|0|10|0|0|0|0|0|0|0|0|0|0|0|0|5|426
0|0|0|0|0|0|0|0|0|0|0|0|0|0|0|10|0|0|0|0|1|427
0|0|0|0|0|0|0|0|0|0|0|0|0|0|0|8|0|0|2|0|1|428
0|1|1|0|1|0|0|1|0|0|0|4|0|0|0|0|1|0|0|0|19|429
0|0|0|0|0|0|0|0|0|0|0|0|0|0|0|0|0|10|0|0|13|430
0|0|0|0|0|0|0|0|0|0|0|0|0|0|0|10|0|0|0|0|1|431
0|0|0|0|0|0|0|0|0|8|0|0|0|0|0|0|0|0|2|0|9|432
2|0|0|0|0|0|0|0|3|0|0|0|0|0|0|3|1|0|1|0|18|433
0|0|0|0|0|0|0|0|0|10|0|0|0|0|0|0|0|0|0|0|9|434
0|0|0|0|1|0|1|0|0|0|2|5|0|0|0|0|0|0|0|0|19|435
0|0|0|1|0|0|0|0|0|0|0|3|6|0|0|0|0|0|0|0|14|436
0|3|0|0|0|0|0|0|0|0|0|0|2|0|0|0|3|0|0|0|17|437
0|0|0|0|0|0|0|0|0|9|0|0|0|0|0|1|0|0|0|0|9|438
0|0|0|0|0|0|0|0|0|1|0|0|0|0|0|0|0|0|8|0|11|439
0|0|0|0|0|6|0|0|0|0|0|0|0|0|0|4|0|0|0|0|15|440
0|0|0|0|0|0|0|0|0|3|0|0|0|0|0|0|0|0|7|0|11|441
0|0|0|5|0|0|0|0|0|0|0|4|0|0|0|0|0|0|0|0|10|442
0|0|0|0|0|0|0|0|0|0|0|0|0|1|0|9|0|0|0|0|1|443
2|0|0|0|0|0|0|0|0|0|0|0|0|0|0|0|0|0|8|0|11|444
0|0|0|0|0|0|0|0|2|1|0|0|0|2|0|0|0|0|5|0|11|445
0|0|0|0|0|0|0|0|0|0|0|0|0|0|0|10|0|0|0|0|1|446
0|0|2|0|0|0|0|0|0|2|5|0|0|0|0|0|0|0|0|0|0|447
0|0|0|0|0|0|0|0|0|0|0|0|0|0|0|10|0|0|0|0|1|448
4|0|4|0|0|2|0|0|0|1|0|0|0|0|0|0|0|0|0|0|20|449
0|0|0|0|0|0|0|4|0|1|0|0|5|0|0|0|0|0|0|0|14|450
0|0|0|0|0|0|0|0|0|0|0|0|0|0|0|10|0|0|0|0|1|451
0|0|0|1|1|0|0|4|0|0|0|0|0|0|0|0|3|0|0|0|7|452
0|0|0|0|0|0|0|0|0|0|5|5|0|0|0|0|0|0|0|0|19|453
0|0|0|0|1|0|0|4|0|0|0|0|0|0|0|0|1|0|1|2|5|454
2|0|0|0|0|0|0|0|0|1|3|0|0|0|0|0|0|0|0|3|0|455
0|0|4|0|0|0|0|1|0|0|0|3|0|2|0|0|0|0|0|0|20|456
0|0|0|2|0|0|0|0|0|1|1|0|2|0|0|0|3|0|0|0|7|457
1|0|1|0|0|0|0|0|1|1|0|0|0|1|0|0|5|0|1|0|6|458
0|0|0|0|0|0|0|0|1|7|0|0|0|0|0|1|0|0|0|0|9|459
6|0|0|0|0|0|0|0|0|0|0|0|0|0|0|0|0|0|4|0|8|460
0|0|0|0|0|1|0|0|0|0|0|0|1|0|0|3|0|0|5|0|18|461
0|0|0|0|0|0|0|0|0|1|0|0|0|0|0|7|0|1|0|0|1|462
3|0|0|0|0|0|0|0|0|3|0|0|0|0|0|0|0|0|4|0|2|463
0|0|0|0|0|0|0|1|1|0|0|0|0|0|0|3|0|0|5|0|18|464
0|0|0|0|0|0|0|1|8|0|0|0|0|0|0|0|0|0|0|0|3|465
0|0|0|6|0|0|0|0|0|0|0|0|0|0|0|4|0|0|0|0|10|466
0|0|0|0|0|0|0|0|0|0|0|0|0|0|0|0|0|0|10|0|11|467
1|0|5|0|0|0|0|0|0|0|3|0|0|0|0|0|1|0|0|0|20|468
0|0|0|0|0|1|0|9|0|0|0|0|0|0|0|0|0|0|0|0|5|469
2|0|0|0|0|0|0|0|0|1|0|0|0|0|0|0|0|0|7|0|11|470
0|0|0|0|10|0|0|0|0|0|0|0|0|0|0|0|0|0|0|0|22|471
0|0|0|0|6|0|0|0|0|0|0|4|0|0|0|0|0|0|0|0|22|472
8|0|0|0|0|0|0|0|0|0|0|0|0|0|0|0|0|0|2|0|8|473
0|0|2|0|0|0|0|4|0|0|0|0|0|0|0|0|2|0|0|1|5|474
3|0|0|0|0|0|0|0|0|0|0|0|0|0|0|4|0|3|0|0|18|475
0|1|0|0|0|0|0|0|0|0|1|0|7|0|0|1|0|0|0|0|14|476
0|0|0|0|0|0|0|0|0|5|0|0|5|0|0|0|0|0|0|0|14|477
0|0|0|0|0|0|0|0|0|1|3|0|3|3|0|0|0|0|0|0|14|478
0|0|0|0|0|0|0|2|1|0|5|0|0|0|0|0|0|0|0|1|0|479
0|0|0|0|0|2|0|0|7|0|0|0|0|0|0|0|0|1|0|0|3|480
0|0|0|0|0|0|0|5|0|0|1|0|0|0|0|0|4|0|0|0|5|481
0|0|0|0|0|0|0|0|0|0|0|0|0|0|0|4|0|0|6|0|18|482
3|0|0|0|3|0|0|0|0|1|3|0|0|0|0|0|0|0|0|0|4|483
0|0|0|2|5|0|0|0|0|1|2|0|0|0|0|0|0|0|0|1|4|484
0|0|0|0|0|0|0|0|0|0|0|0|0|0|0|10|0|0|0|0|1|485
2|0|0|0|0|0|0|0|0|1|0|0|0|0|0|0|0|0|7|0|11|486
0|0|0|0|1|0|0|0|0|1|3|4|0|0|0|0|0|0|0|1|19|487
0|0|0|0|0|0|0|4|1|0|2|0|0|0|0|1|1|0|0|3|5|488
0|0|0|0|0|0|0|0|0|0|0|0|0|0|0|9|0|0|0|0|1|489
1|0|0|0|0|0|0|0|0|2|0|0|0|1|0|0|0|0|7|0|11|490
5|0|0|0|0|0|0|0|0|0|0|0|0|5|0|0|0|0|0|0|21|491
0|0|0|0|0|2|0|0|0|0|0|0|0|0|0|0|8|0|0|0|6|492
0|0|0|0|0|0|0|0|0|1|9|0|0|0|0|1|0|0|0|0|0|493
0|0|0|0|0|0|0|0|2|3|0|0|0|0|0|1|5|0|0|0|6|494
0|0|0|1|5|0|2|0|0|0|0|2|0|0|0|0|0|0|0|0|4|495
0|0|0|0|0|0|0|2|0|0|4|2|3|0|0|0|0|0|0|0|0|496
0|0|0|3|2|0|0|0|0|0|1|3|0|0|0|0|0|0|0|0|19|497
0|0|0|0|0|0|0|0|2|0|0|0|0|8|0|0|0|0|0|0|21|498
0|0|0|0|0|0|0|0|0|0|0|0|0|0|0|1|7|0|2|0|6|499
0|0|8|0|0|0|0|0|0|1|0|0|1|0|0|0|0|0|0|0|20|500
0|0|0|0|0|0|0|0|0|4|0|0|0|0|0|0|0|0|6|0|2|501
0|0|0|0|0|0|0|0|0|0|0|0|0|0|0|10|0|0|0|0|1|502
4|0|0|0|0|0|0|2|0|0|0|0|0|0|0|0|2|0|0|1|8|503
0|0|0|0|0|0|1|1|0|1|0|0|5|0|0|0|0|0|0|1|14|504
0|0|0|0|5|0|0|1|0|0|0|0|0|0|0|0|0|0|0|4|4|505
0|1|0|4|2|0|0|3|0|0|0|0|0|0|0|0|0|0|0|0|4|506
0|0|0|0|0|0|0|0|0|0|0|0|0|0|0|0|0|0|10|0|11|507
0|1|0|0|0|0|1|0|2|0|4|0|0|0|0|0|1|0|0|0|0|508
0|0|0|0|0|0|0|0|2|0|0|0|0|0|0|8|0|0|0|0|1|509
0|0|0|0|0|0|0|0|0|0|0|0|0|0|0|10|0|0|0|0|1|510
0|0|0|0|0|0|0|0|0|0|0|0|0|0|0|10|0|0|0|0|1|511
0|0|0|0|0|0|0|0|4|0|0|0|0|0|0|1|0|0|0|5|12|512
0|0|0|0|0|0|0|0|0|8|0|0|0|0|0|0|0|1|0|0|9|513
1|0|0|0|0|0|0|0|0|0|5|0|0|0|0|0|3|0|0|0|0|514
0|0|0|0|0|0|0|0|0|0|0|0|0|0|0|8|0|0|2|0|1|515
0|0|0|0|0|1|0|0|5|0|0|0|0|0|0|0|3|0|2|0|3|516
0|0|0|0|1|0|0|0|0|7|0|0|0|0|0|2|0|0|0|0|9|517
1|0|0|0|0|0|0|0|0|9|0|0|0|0|0|0|0|0|0|0|9|518
0|0|0|0|0|0|0|0|0|0|0|0|0|0|0|8|0|0|2|0|1|519
0|0|0|0|0|0|0|0|0|1|0|0|0|0|0|3|0|0|5|0|18|520
0|0|0|0|0|0|0|0|0|0|10|0|0|0|0|0|0|0|0|0|0|521
0|0|0|0|0|0|0|0|0|0|0|0|0|0|0|0|10|0|0|0|6|522
2|4|0|0|0|1|0|0|0|1|0|0|2|0|0|0|0|0|0|0|17|523
0|2|1|2|0|0|0|4|0|0|0|0|0|0|1|0|1|0|0|0|5|524
0|0|0|0|0|0|0|0|0|9|0|0|0|0|0|0|0|0|1|0|9|525
0|0|0|0|0|0|0|0|0|0|0|0|0|0|0|0|0|0|10|0|11|526
0|1|0|0|0|0|0|0|3|0|0|0|0|1|0|0|5|0|0|0|6|527
0|0|0|0|0|0|0|1|2|0|5|0|0|0|0|0|1|0|0|0|0|528
0|0|0|0|0|0|0|0|0|0|0|0|0|0|0|10|0|0|0|0|1|529
0|0|0|0|0|0|0|0|0|0|0|0|0|0|0|0|0|0|0|10|12|530
0|0|0|0|0|0|0|0|0|0|0|0|0|0|0|7|0|0|3|0|18|531
0|0|0|1|1|0|0|0|0|0|0|2|3|0|0|0|0|0|2|1|14|532
1|0|0|0|1|0|0|0|0|2|0|0|0|0|0|0|3|0|0|2|7|533
0|0|0|0|0|0|0|0|0|8|0|0|0|0|0|0|0|0|2|0|9|534
0|5|0|0|0|0|0|1|0|0|0|0|0|0|0|0|3|0|0|0|17|535
0|0|0|0|6|0|0|1|1|0|0|0|0|0|0|0|1|0|0|0|22|536
1|2|0|0|0|0|0|2|0|0|0|0|0|1|2|0|1|0|0|0|7|537
0|0|0|0|0|0|0|0|1|0|3|0|0|0|0|0|2|0|0|5|12|538
0|0|0|0|0|6|0|0|0|0|0|0|0|0|0|0|4|0|0|0|15|539
0|0|0|0|0|0|0|0|0|5|0|0|0|0|0|0|0|0|5|0|2|540
0|0|0|0|9|0|0|0|0|0|0|0|1|0|0|0|0|0|0|0|22|541
0|0|1|0|0|0|0|0|0|0|5|1|2|0|0|0|1|0|0|0|0|542
0|1|2|3|0|1|0|0|0|0|0|0|0|0|0|0|4|0|0|0|7|543
0|0|0|0|0|0|0|0|0|0|0|0|0|0|0|10|0|0|0|0|1|544
0|0|0|1|7|0|1|0|0|0|0|0|0|0|0|0|0|0|0|0|22|545
0|0|0|0|0|0|1|0|0|0|0|0|0|0|0|0|0|9|0|0|13|546
0|0|0|0|0|0|0|0|0|0|0|0|0|0|0|10|0|0|0|0|1|547
0|0|0|1|0|0|2|0|0|2|0|0|0|0|0|0|0|0|5|0|2|548
0|0|0|0|0|0|0|0|0|10|0|0|0|0|0|0|0|0|0|0|9|549
0|0|0|0|0|0|0|0|0|2|0|0|0|0|0|0|0|0|8|0|11|550
0|0|0|0|0|0|0|0|0|1|0|7|0|0|0|0|0|0|0|2|19|551
0|0|0|0|0|0|0|0|0|9|0|0|0|0|0|0|0|0|1|0|9|552
0|0|0|0|0|0|0|10|0|0|0|0|0|0|0|0|0|0|0|0|5|553
0|0|0|1|2|0|0|0|0|3|1|0|0|0|0|0|0|0|0|4|12|554
0|0|0|0|0|0|0|0|2|4|0|0|0|1|0|0|0|0|3|0|2|555
0|0|0|0|0|0|0|3|1|0|0|0|0|0|0|2|3|0|0|0|7|556
0|0|1|0|0|1|0|0|1|0|0|0|0|0|0|4|0|0|3|0|18|557
10|0|0|0|0|0|0|0|0|0|0|0|0|0|0|0|0|0|0|0|8|558
0|0|0|2|0|0|0|0|0|0|0|0|0|0|0|1|6|0|0|0|6|559
0|0|0|0|0|0|0|0|1|2|0|0|0|4|0|0|0|0|2|0|21|560
0|5|0|0|0|0|0|1|0|0|1|2|0|0|0|0|1|0|0|0|17|561
0|0|0|0|3|0|1|0|0|0|0|0|0|0|0|0|3|0|0|3|4|562
0|0|0|1|2|0|0|0|0|4|0|0|2|0|0|1|0|0|0|0|4|563
0|0|0|0|0|0|0|0|0|3|0|0|0|0|0|0|0|0|7|0|11|564
0|0|0|0|0|10|0|0|0|0|0|0|0|0|0|0|0|0|0|0|15|565
0|0|0|1|1|1|0|0|0|0|2|1|0|0|0|0|3|0|0|1|7|566
0|0|0|0|0|0|0|5|0|0|0|0|0|4|0|0|0|0|0|0|5|567
1|0|0|0|0|2|0|8|0|0|0|0|0|0|0|0|0|0|0|0|5|568
1|0|0|0|0|0|0|0|0|6|0|0|0|0|0|0|0|0|3|0|2|569
0|0|0|0|0|0|0|0|0|0|0|0|0|0|0|10|0|0|0|0|1|570
0|0|0|0|0|2|0|1|7|0|0|0|0|0|0|0|0|0|0|0|3|571
6|0|0|0|0|0|0|0|0|2|0|0|0|0|0|0|0|0|2|0|8|572
0|0|0|0|0|0|0|1|0|0|0|0|0|0|0|0|9|0|0|0|6|573
0|0|0|0|0|0|0|0|0|0|0|0|0|0|0|9|0|0|0|0|1|574
0|0|0|0|0|0|0|0|6|0|0|0|0|0|0|0|1|3|0|0|3|575
2|0|0|0|0|0|0|0|0|6|0|0|0|0|0|0|1|1|0|0|9|576
0|0|0|3|3|0|0|0|0|1|0|0|2|0|0|0|0|0|0|1|4|577
0|0|0|0|0|0|0|0|0|0|1|0|0|0|0|0|0|0|9|0|11|578
0|3|0|0|0|0|0|0|2|0|2|0|1|0|0|1|1|0|0|0|17|579
0|0|0|0|0|0|0|0|0|6|0|0|0|0|0|1|0|0|3|0|2|580
6|0|0|0|0|0|0|0|0|0|0|0|0|0|0|0|0|4|0|0|8|581
0|0|0|0|0|0|0|0|0|4|0|0|0|0|0|0|0|0|6|0|2|582
0|0|0|0|0|0|0|0|3|0|0|0|0|0|0|0|7|0|0|0|6|583
0|0|0|0|1|0|0|0|0|0|9|0|0|0|0|0|0|0|0|0|0|584
0|0|0|0|0|10|0|0|0|0|0|0|0|0|0|0|0|0|0|0|15|585
0|0|0|7|0|0|0|0|0|0|0|2|0|0|0|0|0|0|0|0|10|586
0|0|0|0|0|0|0|0|0|0|0|0|0|0|0|10|0|0|0|0|1|587
0|0|0|0|3|0|0|0|0|0|0|0|6|0|0|0|0|0|0|0|14|588
0|0|0|0|0|0|0|0|0|0|0|0|0|0|0|10|0|0|0|0|1|589
6|0|0|0|0|0|0|0|0|2|0|0|0|0|0|0|0|0|2|0|8|590
1|7|0|0|0|0|0|0|0|1|0|0|0|0|0|0|1|0|0|0|17|591
0|0|7|0|0|0|0|0|0|0|0|0|0|1|0|1|0|0|1|0|20|592
0|0|0|0|0|0|0|0|0|2|0|0|4|0|0|0|0|0|0|3|14|593
5|0|0|0|0|0|0|0|0|0|0|0|0|0|0|0|0|0|2|3|8|594
0|0|0|0|0|0|0|0|0|5|0|0|0|0|0|0|0|0|5|0|2|595
0|0|0|0|0|0|0|0|0|0|0|0|0|0|0|0|0|0|10|0|11|596
0|0|0|0|0|0|0|0|0|5|0|0|0|0|0|0|0|0|5|0|2|597
0|0|0|0|0|0|0|0|0|0|0|0|0|0|0|10|0|0|0|0|1|598
0|0|0|0|0|0|0|0|0|9|0|0|0|0|0|1|0|0|0|0|9|599
0|0|0|10|0|0|0|0|0|0|0|0|0|0|0|0|0|0|0|0|10|600
0|0|0|0|3|0|1|0|2|1|3|0|0|0|0|0|0|0|0|0|4|601
0|0|0|0|0|0|0|0|0|6|0|0|0|0|0|4|0|0|1|0|9|602
0|0|0|0|0|0|0|0|0|0|10|0|0|0|0|0|0|0|0|0|0|603
0|0|0|0|0|0|10|0|0|0|0|0|0|0|0|0|0|0|0|0|16|604
1|0|0|0|0|0|0|0|0|2|0|0|0|0|0|0|0|0|2|6|12|605
0|0|0|0|0|0|0|0|0|2|7|0|0|0|0|0|0|0|0|0|0|606
3|0|0|0|0|2|0|2|0|0|0|0|0|0|0|0|2|0|0|0|7|607
1|0|0|0|0|0|0|1|0|0|0|0|0|2|0|0|4|0|0|1|7|608
0|0|0|0|0|0|0|0|0|0|0|0|0|0|0|0|0|0|10|0|11|609
0|0|0|0|0|0|0|1|0|0|0|0|0|0|0|0|0|0|0|9|12|610
0|0|0|0|0|0|0|0|0|0|0|0|0|0|0|10|0|0|0|0|1|611
0|0|0|0|0|0|0|1|0|8|0|0|0|0|0|0|0|1|0|0|9|612
0|0|0|1|0|0|0|0|0|1|0|0|0|0|0|0|6|2|0|0|6|613
0|0|0|0|0|0|0|0|0|10|0|0|0|0|0|0|0|0|0|0|9|614
0|0|0|0|0|1|0|0|0|0|0|0|0|0|0|1|7|0|0|0|6|615
0|0|0|0|0|0|0|0|0|0|0|0|0|0|0|10|0|0|0|0|1|616
0|0|0|0|0|0|7|1|0|0|0|0|0|1|0|0|0|0|0|0|16|617
0|0|0|0|1|0|0|0|0|0|2|0|3|0|0|0|1|0|0|2|14|618
0|0|0|8|0|0|0|0|0|0|0|0|0|0|0|1|0|0|1|0|10|619
0|0|0|0|7|0|1|0|0|1|0|0|0|0|0|0|0|0|1|0|22|620
0|0|0|1|4|0|0|0|0|0|1|4|0|0|0|0|0|0|1|0|19|621
0|0|0|1|2|1|0|0|2|0|0|3|0|0|0|0|0|0|0|0|19|622
0|0|0|0|0|0|0|2|0|1|0|0|0|0|0|0|3|0|0|3|7|623
0|0|0|0|0|0|0|0|0|3|0|0|0|0|0|0|0|0|7|0|11|624
0|2|0|0|0|0|0|0|4|0|3|0|0|0|0|0|1|0|0|0|3|625
0|0|0|0|0|1|0|0|0|0|0|0|0|0|0|9|0|0|0|0|1|626
0|0|0|5|0|0|0|0|0|0|0|0|0|0|0|0|2|0|0|3|10|627
0|0|0|0|0|0|0|0|0|0|0|0|0|0|0|10|0|0|0|0|1|628
0|0|0|0|0|0|0|0|0|0|2|0|0|0|0|2|5|0|0|1|6|629
0|0|0|0|0|0|0|0|0|8|2|0|0|0|0|0|0|0|0|0|9|630
0|0|0|0|0|0|0|0|0|0|0|0|0|0|0|10|0|0|0|0|1|631
0|0|0|0|2|0|0|0|1|0|4|0|0|0|0|0|0|0|0|3|0|632
0|0|0|6|0|0|0|0|0|0|0|0|0|0|0|0|0|0|0|4|10|633
0|0|0|0|0|0|0|0|0|5|0|0|0|0|0|0|0|0|5|0|2|634
0|0|0|0|0|0|0|0|0|0|0|0|0|0|0|5|0|0|5|0|18|635
2|0|0|0|0|0|0|0|0|6|0|0|0|0|0|0|0|1|0|0|9|636
0|0|0|0|0|0|0|0|0|5|0|0|0|0|0|0|0|0|4|0|2|637
0|0|0|8|0|0|0|0|2|0|0|0|0|0|0|0|0|0|0|0|10|638
1|0|0|0|0|3|0|2|0|0|0|0|1|0|0|0|4|0|0|0|7|639
0|0|1|5|0|0|0|0|1|0|1|0|0|0|0|0|0|0|2|0|10|640
0|0|0|0|0|2|0|2|1|0|0|0|0|5|0|1|0|0|0|0|21|641
0|0|0|0|4|0|0|0|0|0|0|0|6|0|0|0|0|0|0|0|14|642
0|1|0|1|0|0|1|1|2|0|2|2|0|0|0|0|0|0|0|0|19|643
0|0|0|0|0|0|0|0|0|2|0|0|0|0|0|1|0|0|6|0|11|644
0|1|0|0|0|0|0|0|1|0|1|0|0|4|0|0|2|0|0|0|21|645
0|0|0|0|0|0|0|0|0|0|0|0|0|0|0|9|0|0|1|0|1|646
0|0|0|0|5|0|0|2|0|2|0|0|0|0|0|0|0|0|0|1|4|647
0|0|0|2|4|0|2|1|0|1|0|0|0|0|0|0|0|0|0|0|4|648
0|0|0|0|0|0|0|0|0|10|0|0|0|0|0|0|0|0|0|0|9|649
0|0|0|1|2|0|3|3|0|0|0|0|0|0|0|0|0|0|0|0|4|650
4|0|0|0|0|0|0|0|0|0|0|0|0|0|0|6|0|0|0|0|18|651
0|0|0|0|1|0|0|0|0|1|0|0|0|0|0|5|0|0|1|1|18|652
0|0|0|3|1|0|1|0|0|0|1|0|0|0|0|0|1|0|0|2|4|653
1|0|0|0|0|0|0|0|0|2|5|0|1|0|0|0|0|0|0|0|0|654
1|0|0|0|0|0|0|0|0|0|0|0|0|0|9|0|0|0|0|0|7|655
0|0|0|0|0|0|0|0|0|0|0|0|0|0|0|10|0|0|0|0|1|656
0|0|0|0|0|0|0|0|0|1|0|0|0|0|0|0|0|0|9|0|11|657
0|0|0|0|0|1|0|0|6|0|0|0|0|3|0|0|0|0|0|0|3|658
0|0|0|1|0|0|0|5|0|0|0|0|1|0|0|0|1|0|0|2|5|659
0|0|0|0|5|0|1|0|0|0|3|0|0|0|0|0|0|1|0|0|4|660
0|0|0|0|1|0|0|0|5|0|0|0|0|0|0|0|3|0|0|0|3|661
8|0|0|0|0|0|0|0|0|0|0|0|0|2|0|0|0|0|0|0|8|662
0|0|2|0|0|0|0|0|0|3|1|0|0|0|0|0|0|0|3|0|2|663
0|1|0|1|0|0|0|0|1|0|0|0|0|0|0|0|7|0|0|0|6|664
0|0|0|0|0|0|0|0|0|4|4|0|0|0|0|0|0|0|0|1|0|665
0|2|0|0|0|0|0|2|1|1|0|0|0|1|0|0|3|0|0|0|7|666
1|0|0|0|0|0|0|0|0|0|0|0|0|0|0|0|8|1|0|0|6|667
0|0|0|2|0|0|0|0|0|0|0|0|0|0|0|2|0|0|5|0|11|668
0|0|0|0|0|0|0|0|4|0|0|0|0|0|0|0|4|0|2|0|7|669
0|0|0|0|0|0|0|6|4|0|0|0|0|0|0|0|0|0|0|0|5|670
0|0|0|9|0|0|0|0|0|1|0|0|0|0|0|0|0|0|0|0|10|671
1|0|0|0|0|0|0|0|0|8|0|0|0|0|0|1|0|0|0|0|9|672
0|0|0|0|0|0|0|0|0|0|0|0|0|0|0|8|0|2|0|0|1|673
0|0|0|0|0|0|0|0|0|7|0|0|0|0|0|0|0|0|3|0|9|674
0|0|0|0|0|6|0|0|0|0|0|0|0|0|0|3|0|1|0|0|15|675
0|0|0|0|0|0|0|0|3|0|0|0|0|0|0|0|0|0|5|1|11|676
0|0|0|0|0|0|0|0|0|1|1|0|0|0|0|0|0|0|7|0|11|677
2|0|0|0|0|0|0|0|0|6|0|0|0|0|0|0|0|0|1|0|9|678
0|0|0|0|0|0|0|0|1|0|7|0|0|0|0|0|0|0|0|3|0|679
4|0|0|0|0|0|0|0|2|4|0|0|0|0|0|0|0|0|0|0|8|680
0|0|0|0|0|0|0|0|0|0|0|0|0|0|0|10|0|0|0|0|1|681
0|0|0|0|0|0|0|0|0|1|1|8|0|0|0|0|0|0|0|0|19|682
0|0|0|0|0|0|0|1|0|0|0|0|0|0|0|7|0|0|1|1|1|683
0|0|0|0|4|0|0|0|1|2|0|0|3|0|0|0|0|0|0|0|4|684
0|0|0|0|0|0|0|0|0|0|0|0|0|0|0|10|0|0|0|0|1|685
0|0|0|0|0|0|0|0|3|0|0|0|0|0|0|0|7|0|0|0|6|686
0|0|0|0|0|0|0|0|0|0|0|0|0|0|0|10|0|0|0|0|1|687
0|0|0|0|0|0|0|0|0|0|0|0|0|0|0|10|0|0|0|0|1|688
0|0|0|0|0|0|0|0|0|7|0|0|0|0|0|0|0|0|3|0|9|689
0|0|0|6|0|0|0|0|0|1|0|0|2|0|0|0|1|0|0|0|10|690
0|0|0|0|0|0|0|7|0|0|0|0|0|0|0|0|0|3|0|0|5|691
0|0|0|0|0|0|0|0|0|7|0|0|0|0|0|0|2|0|0|0|9|692
0|0|0|2|0|0|0|1|0|0|0|0|0|0|0|0|2|0|0|5|12|693
0|0|0|0|0|0|0|7|0|0|0|0|0|0|0|0|0|0|0|3|5|694
0|0|0|0|0|0|0|0|0|0|0|0|0|0|0|9|0|0|1|0|1|695
1|0|0|0|0|0|0|2|0|0|0|0|0|0|0|6|0|1|0|0|18|696
0|0|0|0|0|0|0|0|0|3|0|0|0|0|0|0|0|0|7|0|11|697
0|0|0|0|0|0|0|5|4|0|0|0|0|0|0|0|0|0|0|0|5|698
2|0|0|0|0|0|0|0|0|3|0|0|0|0|0|0|0|0|4|0|2|699
0|0|0|0|0|0|0|0|8|0|2|0|0|0|0|0|0|0|0|0|3|700
1|0|0|0|0|0|0|0|0|0|0|0|0|0|0|0|0|0|9|0|11|701
0|0|0|0|4|0|0|0|0|0|0|0|0|0|0|5|0|0|1|0|18|702
0|0|0|0|0|0|0|0|0|10|0|0|0|0|0|0|0|0|0|0|9|703
0|0|0|0|0|0|0|9|0|0|0|0|0|0|0|1|0|1|0|0|5|704
0|0|0|0|8|0|0|0|0|1|0|0|0|0|0|0|0|0|0|0|22|705
0|0|0|0|0|0|0|0|0|8|0|0|0|0|0|2|0|0|0|0|9|706
1|0|0|0|0|0|0|1|0|0|0|0|0|0|8|0|0|0|0|0|7|707
0|0|0|0|0|0|0|0|0|7|0|0|0|0|0|1|0|0|1|0|9|708
0|0|0|8|0|0|2|0|0|0|0|0|0|0|0|0|0|0|0|0|10|709
0|0|0|0|1|0|0|0|7|0|0|0|0|0|0|2|0|0|0|0|3|710
1|0|0|0|0|1|0|0|1|0|0|0|6|0|0|0|0|0|0|0|14|711
0|0|0|0|2|0|0|0|0|0|0|0|8|0|0|0|0|0|0|0|14|712
0|0|0|0|0|0|0|0|0|0|0|0|0|0|0|6|0|0|4|0|18|713
0|0|0|0|0|0|0|0|0|10|0|0|0|0|0|0|0|0|0|0|9|714
0|0|0|0|0|0|0|0|0|0|7|3|0|0|0|0|0|0|0|0|0|715
0|0|0|0|1|0|0|6|0|1|0|0|0|0|0|0|2|0|0|0|5|716
0|0|0|0|0|0|0|0|0|4|0|0|0|0|0|1|0|0|6|0|2|717
0|0|0|0|0|0|0|0|0|9|0|0|0|0|0|0|0|0|1|0|9|718
0|0|0|0|0|0|0|0|0|1|0|0|0|0|0|0|0|0|0|9|12|719
0|0|0|0|0|0|0|0|0|0|0|0|0|0|0|10|0|0|0|0|1|720
0|0|0|0|0|0|0|0|0|0|2|0|1|0|0|4|0|0|0|3|18|721
0|0|0|0|0|0|0|0|0|7|0|0|0|0|0|0|0|0|3|0|9|722
0|0|0|0|0|0|0|0|7|0|0|0|0|0|0|0|0|2|0|0|3|723
0|0|0|0|0|0|0|0|0|0|0|0|0|0|0|9|0|0|1|0|1|724
1|0|0|0|0|0|0|0|0|1|0|0|0|0|0|4|0|0|4|0|18|725
0|0|0|0|0|0|0|0|0|8|0|0|0|0|0|2|0|0|0|0|9|726
0|0|0|2|3|0|0|0|0|0|1|3|0|0|0|0|0|0|0|0|19|727
1|0|0|0|0|0|0|0|0|4|0|0|0|0|0|0|0|0|5|0|2|728
0|0|0|0|0|0|0|0|0|0|0|0|0|0|0|8|0|0|1|0|1|729
0|0|0|0|0|0|0|0|0|4|0|0|0|0|0|0|0|0|6|0|2|730
0|0|0|0|0|0|0|4|0|0|0|0|0|0|0|0|6|0|0|0|6|731
0|0|0|0|0|0|0|0|0|0|0|0|0|0|0|10|0|0|0|0|1|732
5|0|0|0|0|0|0|0|0|2|0|0|0|0|0|0|0|0|2|0|8|733
0|0|0|0|1|1|0|4|1|1|0|0|0|0|0|0|0|0|0|3|5|734
1|0|0|0|0|0|0|0|0|1|0|0|0|0|0|0|0|0|8|0|11|735
0|0|0|0|0|0|0|0|0|0|0|0|0|0|0|0|0|0|10|0|11|736
0|0|0|0|0|0|0|0|8|0|0|0|0|2|0|0|0|0|0|0|3|737
0|0|0|0|2|0|0|0|3|0|5|0|0|0|0|0|0|0|0|0|0|738
0|0|0|0|0|0|0|0|3|0|0|0|0|0|0|2|0|0|0|5|12|739
0|0|0|0|0|0|0|0|0|0|0|0|0|0|0|10|0|0|0|0|1|740
0|0|0|2|0|0|0|0|1|1|0|0|3|0|0|0|3|0|0|0|7|741
1|0|0|0|0|0|0|0|0|6|0|0|0|0|0|0|0|0|2|0|9|742
2|0|0|0|0|0|0|0|0|0|0|0|0|0|0|2|0|0|6|0|11|743
0|0|0|0|0|0|0|0|7|0|0|0|0|1|0|0|0|0|2|0|3|744
1|0|0|0|0|0|0|0|4|0|0|0|0|0|0|0|5|0|0|0|6|745
0|0|0|7|0|0|0|0|0|0|3|0|0|0|0|0|0|0|0|0|10|746
0|1|0|0|0|0|0|5|0|0|0|0|0|3|0|0|0|0|0|0|5|747
0|0|0|0|0|0|0|0|7|0|0|0|0|0|0|0|2|0|0|0|3|748
0|0|0|2|5|0|0|1|0|1|0|0|0|0|0|0|0|0|0|1|4|749
0|0|0|0|0|0|0|0|0|0|0|0|0|0|0|10|0|0|0|0|1|750
0|2|0|0|4|0|0|1|0|0|2|0|1|0|0|0|0|0|1|0|4|751
0|0|0|0|0|0|0|0|0|0|0|0|0|0|0|10|0|0|0|0|1|752
0|0|0|0|0|0|0|0|2|0|0|0|0|0|0|0|3|5|0|0|13|753
0|0|0|0|0|0|0|0|0|6|0|0|0|0|0|1|0|0|3|0|2|754
0|0|0|0|0|0|0|0|0|0|0|0|0|0|0|10|0|0|0|0|1|755
1|0|0|1|4|0|0|0|2|1|1|0|0|0|0|0|0|0|0|0|4|756
0|0|0|4|0|0|0|0|0|0|5|1|0|0|0|0|0|0|0|0|0|757
0|1|0|2|0|0|0|1|0|0|0|1|0|2|0|0|0|0|2|0|7|758
0|0|0|0|0|0|0|0|0|8|0|0|0|0|0|2|0|0|0|0|9|759
0|0|0|0|0|0|0|0|0|3|0|0|6|0|0|0|0|2|0|0|14|760
0|0|0|0|0|0|0|0|0|8|0|0|0|0|0|0|0|0|1|0|9|761
8|0|0|0|0|0|0|0|0|0|0|0|0|0|0|1|0|0|0|0|8|762
1|2|0|0|0|0|0|0|0|0|3|0|1|0|0|0|3|0|0|0|7|763
0|0|0|0|2|0|0|0|0|5|0|0|0|0|0|0|0|0|0|3|9|764
8|2|0|0|0|0|0|0|0|0|0|0|0|0|0|0|0|0|0|0|8|765
0|0|0|0|1|0|2|7|0|0|0|0|0|0|0|0|0|0|0|0|5|766
0|0|0|0|0|1|0|7|2|0|0|0|0|0|0|0|0|0|0|0|5|767
0|0|0|0|0|0|0|0|0|7|0|0|0|0|0|0|0|0|3|0|9|768
0|0|0|0|0|0|0|0|0|10|0|0|0|0|0|0|0|0|0|0|9|769
0|0|0|0|0|0|0|0|0|2|0|0|0|0|0|0|0|0|8|0|11|770
3|0|0|0|3|0|0|0|3|0|0|0|0|0|0|0|0|0|0|0|4|771
0|0|0|0|0|0|0|0|0|0|0|0|0|0|0|10|0|0|0|0|1|772
0|0|0|0|0|2|0|0|0|0|3|2|0|3|0|0|0|0|0|0|19|773
0|0|0|5|1|0|3|0|0|0|0|0|0|0|0|0|1|0|0|0|10|774
0|0|0|0|0|0|0|0|0|0|0|0|0|0|0|10|0|0|0|0|1|775
0|0|0|0|0|0|7|1|2|0|0|0|0|0|0|0|0|0|0|0|16|776
0|0|0|0|0|0|0|0|0|0|3|0|0|0|0|0|6|0|1|0|6|777
0|0|0|2|0|0|1|0|0|0|7|0|0|0|0|0|0|0|0|0|0|778
0|0|0|0|0|0|0|0|0|10|0|0|0|0|0|0|0|0|0|0|9|779
0|0|0|0|0|0|0|3|2|0|0|0|0|0|0|1|0|0|0|5|12|780
0|0|0|0|0|0|0|0|8|0|0|0|0|0|0|1|0|0|0|1|3|781
0|0|0|0|0|0|0|0|0|0|0|0|0|0|0|1|0|0|9|0|11|782
0|0|0|0|0|0|0|0|0|0|0|0|0|0|0|10|0|0|0|0|1|783
0|0|0|0|0|0|0|0|0|0|0|0|0|0|0|10|0|0|0|0|1|784
0|0|0|0|0|0|0|0|8|0|0|0|0|0|0|2|0|0|0|0|3|785
0|0|0|0|3|0|0|0|0|1|0|0|0|0|0|0|3|0|0|3|4|786
0|0|0|0|0|0|0|0|0|0|0|0|0|0|0|8|0|0|1|0|1|787
0|0|0|1|0|0|1|0|0|0|0|0|0|0|0|0|0|0|0|8|12|788
0|0|0|0|0|0|0|0|0|0|0|0|0|0|0|0|0|0|10|0|11|789
0|0|0|1|1|0|0|0|0|1|1|3|3|0|0|0|0|0|0|0|19|790
0|0|0|0|0|0|0|0|0|0|0|0|0|0|0|6|0|0|3|0|18|791
0|0|0|0|0|0|0|0|0|10|0|0|0|0|0|0|0|0|0|0|9|792
0|0|0|0|0|0|0|0|0|8|0|0|0|0|0|0|0|0|2|0|9|793
9|0|0|0|0|0|0|0|0|0|1|0|0|0|0|0|0|0|0|0|8|794
0|1|0|0|3|0|0|0|0|0|4|2|0|0|0|0|0|0|0|0|0|795
0|0|0|2|1|0|0|2|0|1|0|0|3|0|0|0|0|0|1|0|14|796
0|0|0|0|0|0|0|0|0|0|0|0|1|0|0|2|0|0|7|0|11|797
0|0|0|0|8|0|0|0|0|0|0|0|1|0|0|0|0|0|0|0|22|798
0|0|0|0|0|0|0|0|0|0|0|0|0|0|0|4|6|0|0|0|6|799
0|0|0|0|0|0|0|0|0|9|0|0|0|0|0|1|0|0|0|0|9|800
0|0|0|0|0|0|0|0|0|0|0|0|0|0|0|10|0|0|0|0|1|801
0|0|0|0|0|0|7|0|0|0|0|0|0|0|0|3|0|0|0|0|16|802
0|0|0|0|0|0|0|0|0|0|0|0|0|0|0|10|0|0|0|0|1|803
0|0|0|2|3|0|3|0|0|0|0|0|0|0|0|0|1|0|0|0|4|804
0|3|0|0|1|0|1|0|0|0|1|2|1|0|0|0|0|0|0|0|17|805
0|1|1|0|0|0|0|0|2|0|5|0|0|0|0|0|0|0|0|0|0|806
0|0|0|0|9|0|0|1|0|0|0|0|0|0|0|0|0|0|0|0|22|807
0|0|0|0|0|0|0|0|0|0|0|0|0|0|0|10|0|0|0|0|1|808
0|0|0|0|0|0|0|0|0|0|0|0|0|0|0|10|0|0|0|0|1|809
0|0|0|0|0|0|0|0|0|0|0|0|0|0|0|10|0|0|0|0|1|810
0|0|0|0|0|0|0|0|0|0|0|0|0|0|0|8|0|0|1|0|1|811
0|0|0|0|0|0|0|0|0|0|0|0|0|0|0|10|0|0|0|0|1|812
0|0|0|0|0|0|0|0|0|0|0|0|0|0|0|8|0|0|1|0|1|813
0|0|0|0|0|0|10|0|0|0|0|0|0|0|0|0|0|0|0|0|16|814
0|0|0|0|4|0|0|3|2|0|0|0|0|0|0|0|0|0|0|0|4|815
0|0|0|0|0|0|0|0|0|0|0|0|0|0|0|10|0|0|0|0|1|816
0|0|0|0|0|0|0|0|0|6|0|0|0|0|0|1|0|0|3|0|2|817
0|0|0|0|0|0|0|0|0|0|0|0|0|0|0|9|0|0|1|0|1|818
1|0|0|0|0|0|0|0|0|0|0|0|0|1|0|2|0|0|5|0|11|819
0|0|0|0|0|0|0|0|0|0|0|0|0|0|0|10|0|0|0|0|1|820
0|0|0|0|1|0|0|0|0|4|0|0|0|0|0|0|4|0|0|0|7|821
0|0|0|0|1|0|0|0|1|0|5|0|0|0|0|0|0|0|3|0|0|822
0|1|0|0|0|0|0|0|0|0|5|2|0|0|0|0|3|0|0|0|0|823
0|0|0|0|0|0|0|0|0|0|0|0|0|0|0|10|0|0|0|0|1|824
0|0|0|1|0|0|0|0|0|7|0|0|0|0|0|0|0|0|2|0|9|825
0|0|0|7|2|0|0|0|0|0|0|0|0|0|0|1|0|0|0|0|10|826
0|0|0|0|0|0|0|0|0|0|0|0|0|0|0|10|0|0|0|0|1|827
5|0|0|0|0|3|0|0|0|0|0|0|0|0|0|2|0|0|0|0|8|828
1|0|0|0|0|6|0|0|0|2|0|0|0|0|0|0|0|0|2|0|15|829
0|0|0|3|3|0|0|3|0|0|0|0|0|0|0|0|0|0|0|0|4|830
0|0|0|0|0|0|0|0|3|0|1|0|0|0|0|1|0|0|5|0|11|831
0|0|0|0|0|0|0|0|0|2|0|0|0|0|0|8|0|0|0|0|1|832
0|0|0|1|0|0|3|0|0|0|0|0|0|6|0|0|0|0|0|0|21|833
0|0|0|0|0|0|0|0|0|0|0|0|0|0|0|0|0|0|10|0|11|834
0|0|0|0|0|0|0|2|0|1|0|0|0|0|0|0|7|0|0|0|6|835
0|1|0|0|0|0|0|1|2|0|0|0|0|0|0|2|3|0|0|0|7|836
3|0|0|0|0|0|0|0|0|7|0|0|0|0|0|0|0|0|0|0|9|837
2|0|0|0|0|0|0|0|5|0|3|0|0|0|0|0|0|0|0|0|3|838
1|0|0|0|0|0|0|0|0|3|0|0|0|0|0|0|0|0|6|0|2|839
0|3|0|0|0|0|0|3|0|0|0|0|0|0|0|0|3|0|0|0|7|840
0|0|0|0|0|0|0|0|0|0|0|0|0|0|0|10|0|0|0|0|1|841
0|0|0|0|0|0|0|0|0|0|0|0|0|0|0|10|0|0|0|0|1|842
0|0|0|0|2|0|7|0|1|0|0|0|0|0|0|0|0|0|0|0|16|843
0|0|0|0|0|0|0|0|0|0|10|0|0|0|0|0|0|0|0|0|0|844
0|0|0|0|0|0|0|0|0|0|0|0|0|0|0|8|0|0|2|0|1|845
0|0|0|1|0|0|0|4|0|0|0|3|2|0|0|0|0|0|0|0|5|846
0|0|0|0|1|0|1|1|0|1|6|0|0|0|0|0|0|0|0|0|0|847
0|3|0|0|1|0|0|5|0|0|0|0|0|0|0|0|0|0|0|0|5|848
0|0|0|0|6|0|0|0|0|2|1|0|0|0|0|0|1|0|0|0|22|849
0|0|0|0|4|0|0|3|1|0|0|0|0|0|0|0|0|0|0|1|4|850
0|0|0|1|0|0|0|0|0|2|3|0|0|0|0|1|0|0|4|0|2|851
0|0|0|0|0|0|0|0|0|8|0|0|0|0|0|1|0|0|1|0|9|852
0|0|0|0|0|0|0|0|0|0|0|0|0|0|0|10|0|0|0|0|1|853
0|0|4|0|0|0|0|1|1|2|0|0|0|1|0|0|1|0|0|0|20|854
0|0|0|0|0|10|0|0|0|0|0|0|0|0|0|0|0|0|0|0|15|855
0|0|0|0|0|0|0|0|0|0|0|0|0|0|0|10|0|0|0|0|1|856
5|0|0|0|0|0|0|0|0|0|0|0|0|0|0|3|0|1|0|0|8|857
0|0|0|0|0|0|0|0|0|0|0|0|0|0|0|2|0|0|8|0|11|858
0|0|5|0|0|0|0|0|0|5|0|0|0|0|0|0|0|0|0|0|20|859
1|2|0|0|0|0|0|0|0|0|0|0|2|0|0|3|0|0|1|0|18|860
0|0|0|0|0|10|0|0|0|0|0|0|0|0|0|0|0|0|0|0|15|861
0|0|0|0|0|0|1|2|0|1|6|0|0|0|0|0|0|0|0|0|0|862
0|0|0|0|0|0|0|0|0|0|0|0|0|0|0|9|0|0|1|0|1|863
0|0|0|1|3|0|0|0|0|0|1|2|1|0|0|0|1|0|0|1|4|864
1|0|0|0|0|0|0|0|1|3|2|0|0|0|0|0|0|0|2|0|2|865
0|0|0|0|0|0|0|0|0|0|0|0|0|0|0|10|0|0|0|0|1|866
0|0|0|0|0|0|0|0|10|0|0|0|0|0|0|0|0|0|0|0|3|867
0|0|0|0|0|0|1|0|2|0|3|3|0|0|0|0|0|0|0|0|19|868
1|0|0|0|0|0|0|0|0|6|0|0|0|0|0|0|0|0|3|0|2|869
0|1|0|1|0|0|0|0|0|0|0|2|0|2|0|0|4|0|0|0|7|870
1|0|0|4|0|0|0|0|0|0|0|0|0|0|0|2|0|0|3|0|10|871
0|0|0|0|0|0|0|0|0|7|0|0|0|0|0|0|0|0|3|0|9|872
0|0|0|0|0|0|0|0|0|0|0|0|0|0|0|10|0|0|0|0|1|873
4|0|0|0|0|0|0|0|0|0|0|0|0|0|0|1|3|0|2|0|8|874
0|2|0|0|0|1|0|0|5|0|0|0|0|1|0|1|0|0|0|0|3|875
0|0|0|0|0|0|0|0|0|0|0|0|0|0|0|0|0|10|0|0|13|876
4|0|0|0|0|2|0|0|0|0|0|0|0|0|0|1|0|0|0|3|8|877
1|0|0|0|0|3|0|1|0|0|0|0|1|0|0|0|4|0|0|0|7|878
0|0|0|0|0|0|0|0|0|10|0|0|0|0|0|0|0|0|0|0|9|879
0|0|0|4|0|0|0|0|0|1|0|2|2|0|0|0|0|0|1|0|10|880
0|0|0|1|4|0|1|2|0|1|0|0|0|0|0|0|0|0|0|1|4|881
0|0|0|0|7|0|0|0|0|1|0|0|0|0|0|0|0|0|0|2|22|882
4|4|0|1|0|0|0|0|0|0|0|0|0|0|0|0|0|0|0|0|17|883
3|0|0|0|0|7|0|0|0|0|0|0|0|0|0|0|0|0|0|0|15|884
0|0|0|0|7|0|0|0|1|1|0|0|1|0|0|0|0|0|0|0|22|885
0|0|2|3|0|0|0|0|0|0|2|3|0|0|0|0|0|0|0|0|19|886
0|0|0|0|7|0|0|0|0|3|0|0|0|0|0|0|0|0|0|0|22|887
0|0|1|0|0|0|0|0|0|3|0|0|0|0|0|0|6|0|0|0|6|888
0|2|3|2|0|0|0|0|0|0|1|0|0|1|0|0|0|0|0|0|20|889
0|0|0|0|0|0|4|3|3|0|0|0|0|0|0|0|0|0|0|0|16|890
1|0|0|0|0|0|0|0|0|9|0|0|0|0|0|0|0|0|0|0|9|891
0|0|0|2|4|0|0|4|0|0|0|0|0|0|0|0|0|0|0|0|4|892
0|0|0|0|0|0|0|0|0|6|0|3|0|0|0|0|0|0|0|0|9|893
4|0|0|0|0|1|0|0|0|0|0|0|0|0|0|1|0|0|3|0|8|894
0|0|0|0|0|0|0|0|0|7|0|0|0|0|0|0|0|0|2|0|9|895
0|0|0|1|0|0|0|1|0|0|1|5|0|0|0|0|1|0|0|1|19|896
0|0|0|1|4|0|1|1|0|1|1|0|0|0|0|0|0|0|0|1|4|897
0|0|0|0|0|0|0|0|0|0|0|0|0|0|0|10|0|0|0|0|1|898
0|0|0|0|0|0|0|0|0|1|6|0|0|0|0|0|3|0|0|0|0|899
0|0|0|0|0|0|0|4|0|4|0|0|0|2|0|0|0|0|0|0|5|900
0|0|0|0|8|0|1|0|0|1|0|0|0|0|0|0|0|0|0|0|22|901
0|0|0|0|0|0|0|0|6|0|0|0|0|0|0|2|0|0|2|0|3|902
0|0|7|0|0|0|0|0|0|1|1|0|0|0|0|0|2|0|0|0|20|903
0|0|0|0|0|0|0|0|0|4|0|0|6|0|0|0|0|0|0|0|14|904
0|0|0|0|0|0|0|0|0|0|0|0|0|0|0|0|0|0|10|0|11|905
4|0|0|0|0|0|0|0|0|3|0|0|0|0|0|0|0|0|3|0|8|906
0|0|0|0|0|0|0|0|0|6|0|0|2|0|0|0|1|0|0|0|9|907
0|0|0|0|0|0|0|3|6|0|0|0|0|0|0|0|1|0|0|0|3|908
0|0|0|0|0|8|0|0|0|0|0|0|0|0|0|2|0|0|0|0|15|909
0|0|0|0|0|0|0|0|4|4|0|0|0|0|0|0|0|0|3|0|2|910
0|2|0|0|3|0|0|3|2|0|0|0|0|0|0|0|0|0|0|0|4|911
0|0|0|0|0|0|0|7|1|0|0|0|0|0|0|0|2|0|0|0|5|912
0|0|1|0|0|0|0|0|9|0|0|0|0|0|0|0|0|0|0|0|3|913
0|0|0|0|0|0|0|0|0|0|0|2|8|0|0|0|0|0|0|0|14|914
0|0|0|0|0|0|0|0|0|0|0|0|0|0|0|10|0|0|0|0|1|915
0|1|2|1|0|0|0|0|0|0|1|3|0|0|0|0|0|0|0|0|19|916
0|0|0|0|0|0|0|0|0|7|0|0|0|0|0|0|0|0|3|0|9|917
0|9|0|0|0|1|0|0|0|0|0|0|0|0|0|0|0|0|0|0|17|918
1|0|2|0|0|0|0|0|0|2|0|0|1|0|0|1|0|0|2|0|20|919
0|0|0|0|0|0|0|0|0|0|0|0|0|0|0|10|0|0|0|0|1|920
0|0|0|0|7|0|0|0|0|3|0|0|0|0|0|0|0|0|0|0|22|921
0|0|0|0|7|0|0|0|0|0|3|0|0|0|0|0|0|0|0|0|22|922
0|0|0|0|0|0|0|0|0|7|0|0|0|0|0|0|0|0|3|0|9|923
1|0|0|0|0|0|0|0|7|0|0|0|0|0|0|0|0|0|0|2|3|924
0|0|0|0|0|0|5|0|0|0|0|0|0|0|0|4|0|0|0|0|16|925
0|0|0|0|0|0|0|0|0|0|0|0|0|0|0|9|0|0|1|0|1|926
0|0|0|0|7|0|0|0|0|2|0|0|0|0|0|0|0|0|0|0|22|927
0|0|0|0|0|0|0|0|5|0|0|0|0|0|0|3|0|1|0|0|3|928
0|0|0|0|0|0|0|0|8|0|0|0|0|0|0|0|2|0|0|0|3|929
3|0|0|0|0|0|0|0|2|5|0|0|0|0|0|0|0|0|0|0|9|930
2|0|0|0|0|0|0|0|0|2|0|0|0|0|0|0|0|0|7|0|11|931
0|1|0|0|0|1|1|7|0|0|0|0|0|0|0|0|0|0|0|0|5|932
0|0|0|3|0|0|0|0|0|0|6|0|0|0|0|0|0|0|0|0|0|933
0|5|0|1|2|0|0|2|0|0|0|0|0|0|0|0|0|0|0|0|17|934
0|0|0|0|0|0|0|0|0|10|0|0|0|0|0|0|0|0|0|0|9|935
2|0|0|0|0|0|0|0|0|2|0|0|0|0|0|0|0|0|6|0|11|936
7|0|0|0|0|0|0|0|0|0|0|0|0|0|0|0|0|0|3|0|8|937
0|0|0|0|0|0|0|0|0|9|0|0|0|0|0|0|0|0|1|0|9|938
0|0|0|0|0|0|0|0|0|9|0|0|0|0|0|1|0|0|0|0|9|939
0|3|0|0|0|0|0|0|3|0|0|0|0|0|0|0|1|2|2|0|17|940
0|0|0|0|0|0|0|0|0|3|0|0|0|0|0|0|0|0|7|0|11|941
0|0|0|0|0|0|0|5|0|0|0|0|0|0|0|0|0|5|0|0|5|942
0|0|0|2|0|0|0|0|0|0|0|6|0|0|0|0|0|0|0|1|19|943
